#! FIELDS time ex.diff_vfict ex.CNO_vfict ex.CNd_vfict ex.CNhis_vfict ex.CNNb_vfict ex.dih_vfict
 0.000000 0.000000 0.000000 0.000000 0.000000 0.000000 0.000000
 0.050000 -1.491283 5.639151 172.769603 -20.168612 0.951088 4.591975
 0.100000 2.977290 0.323064 249.363822 86.425625 0.648870 5.278433
 0.150000 3.261561 8.265438 125.437898 -42.400460 -3.530888 -5.528606
 0.200000 -0.656477 -2.009044 24.274465 14.073341 -1.569177 -13.040714
 0.250000 -3.083086 6.823274 -189.230485 56.484314 -2.032912 -2.149980
 0.300000 -1.528095 -15.900064 98.244782 -31.129799 3.618341 3.663365
 0.350000 3.963074 17.535932 24.352922 -51.388350 3.534323 8.584981
 0.400000 2.468259 -3.626219 -88.399307 117.472172 0.845244 10.642404
 0.450000 -7.134438 2.424716 108.028147 43.727673 -0.763748 -3.001967
 0.500000 -2.305541 -8.254552 -19.795649 8.526588 -2.427599 -1.317420
 0.550000 0.367840 -1.682543 -174.251076 39.662706 -0.352977 -0.250548
 0.600000 -0.109090 11.019261 -5.269952 -20.568374 0.191182 -0.222312
 0.650000 2.914929 3.701601 67.160934 74.475136 1.885074 12.869634
 0.700000 2.354665 7.697110 59.158266 1.755072 1.205404 4.158260
 0.750000 -1.167260 6.795704 -60.309593 -57.352397 -0.274939 -1.216874
 0.800000 -4.144951 8.763469 -230.523450 -6.244064 -0.908017 0.423743
 0.850000 1.217072 6.028462 102.419479 22.293690 -3.625931 -12.618333
 0.900000 0.677667 2.374432 -140.594310 8.493935 1.095259 -7.024897
 0.950000 -2.365097 -3.982192 75.954583 13.984110 1.030146 -10.246357
 1.000000 -3.723392 0.189360 163.515560 -12.689780 2.050728 -2.565206
 1.050000 0.955654 6.191932 -69.513092 -51.593870 -1.240059 5.772548
 1.100000 4.934663 5.904670 301.487019 -20.267843 -0.406662 3.772471
 1.150000 0.660304 -1.935726 56.328852 -63.542202 0.015061 4.364318
 1.200000 -2.026372 9.238744 -14.547218 -14.678407 1.223557 -8.187418
 1.250000 0.659475 -4.142086 -16.414192 5.072245 1.911067 4.911620
 1.300000 6.025574 -14.370838 -49.480432 31.800994 -0.381061 2.597693
 1.350000 -0.330514 -13.308898 230.198533 5.736129 -2.798823 -3.178999
 1.400000 -0.491552 -0.763297 269.159070 3.318585 -0.421940 -12.317807
 1.450000 0.953377 -13.943431 97.757342 -22.282383 0.046860 -8.236183
 1.500000 4.670620 15.724206 10.026934 -31.479025 0.800376 -1.949413
 1.550000 -1.117315 -3.420156 -1.579291 -44.575575 2.587197 0.499359
 1.600000 -2.666466 10.113845 -27.807982 -36.677859 -0.811930 3.629907
 1.650000 2.910400 3.011666 -106.723566 25.488273 -0.867517 6.301000
 1.700000 5.969671 -1.358883 -1.539806 21.375114 -1.332066 8.014284
 1.750000 1.167406 -1.946232 -83.153284 16.952572 4.455987 -0.453945
 1.800000 -2.698431 -4.825391 -131.199871 56.200320 1.154786 -1.811162
 1.850000 -2.977417 -6.949727 -45.859765 35.157917 0.502231 -13.692076
 1.900000 0.813392 6.818598 71.276245 53.481729 -2.826016 -3.272653
 1.950000 0.114161 2.685841 -143.186580 -70.347910 -1.178475 -2.543750
 2.000000 -0.208714 -10.192089 280.090088 74.065528 -0.119130 -0.346797
 2.050000 0.305335 2.931424 1.057903 11.889549 0.234293 7.999415
 2.100000 3.318400 10.338353 89.787168 -60.472199 1.975499 10.992115
 2.150000 3.335483 0.662525 280.985988 4.422512 1.489096 1.216988
 2.200000 -1.400322 1.648831 15.263172 62.401384 -0.728839 0.319208
 2.250000 -2.801046 0.953674 189.541068 -22.670866 -2.486667 -3.460159
 2.300000 -5.098707 11.208736 6.021759 -3.505066 -0.394980 -6.873282
 2.350000 6.080806 23.174483 -115.647041 26.333143 0.127063 -7.708216
 2.400000 1.148848 -3.998508 19.017270 39.326879 0.814970 -3.630201
 2.450000 -1.229257 -1.077312 57.978796 -5.116124 2.120559 -1.025680
 2.500000 0.551895 -26.046774 295.018840 38.260993 -0.945669 -2.758735
 2.550000 4.689111 -14.890053 66.059064 -57.174431 -1.025673 -9.808949
 2.600000 -4.046587 -3.015069 -89.046033 5.674312 -0.962916 -2.191828
 2.650000 -2.512016 2.382833 -75.669007 -42.822039 3.607921 1.744178
 2.700000 1.062477 0.621795 93.596256 -6.823489 1.090551 8.569015
 2.750000 2.782640 -1.027497 -9.152653 -10.484394 -0.229182 8.788514
 2.800000 -7.678979 5.882394 -244.681152 -3.434001 -2.636735 3.027835
 2.850000 -2.733054 -2.226655 38.989900 23.400152 -0.961443 1.404413
 2.900000 -3.120358 -10.254506 80.993984 43.450881 -0.116040 7.186552
 2.950000 1.911915 -2.188015 -178.233272 -29.064857 0.785281 7.650020
 3.000000 0.318146 8.896424 122.747250 -93.410734 2.794131 9.415974
 3.050000 0.530635 5.044072 233.957670 -73.465620 0.200130 -2.146761
 3.100000 1.569361 14.826769 214.964480 -41.659476 -0.827587 0.272167
 3.150000 -6.169771 -4.980283 126.744833 -52.939571 -3.719770 -7.049934
 3.200000 -1.803838 8.320216 4.177541 -26.585662 0.571113 -5.201293
 3.250000 1.855011 9.987423 -231.422072 64.941836 2.530239 -1.706872
 3.300000 6.156823 -0.893935 177.185355 10.052671 1.484448 -8.132498
 3.350000 -1.105151 1.432778 83.389094 0.793864 1.067875 -5.917977
 3.400000 -0.859898 7.160239 140.863287 -0.921907 -1.699503 2.372548
 3.450000 2.330769 16.254569 -7.147864 12.224960 -1.816674 -0.688176
 3.500000 4.433046 -5.570654 -93.321841 82.055765 -1.717272 -3.963897
 3.550000 -1.913621 -8.116988 124.725987 19.607686 0.594104 -0.314518
 3.600000 -6.038032 3.304156 -118.643242 10.936514 -0.336307 -1.786972
 3.650000 0.938749 11.341289 83.569516 35.711897 -2.602781 -8.877052
 3.700000 -1.004239 11.374741 148.536103 -16.231678 -1.417323 -6.379635
 3.750000 2.101501 -4.683786 176.729097 -68.330192 -3.640096 -11.662447
 3.800000 2.769804 -7.247059 -319.705042 16.851706 0.737249 1.150331
 3.850000 -2.502265 1.339990 -135.253618 10.182469 1.089013 3.086970
 3.900000 -3.702616 -6.838152 -82.089041 -32.632026 3.676709 3.743712
 3.950000 0.713723 0.499178 39.750080 -46.766450 2.318788 8.532447
 4.000000 5.189401 2.838271 99.166466 -81.323185 0.860273 11.553319
 4.050000 -1.630477 4.229705 -318.070150 18.417768 0.604093 5.216868
 4.100000 0.047142 2.525709 -40.664418 8.136202 -1.303401 4.429776
 4.150000 4.643020 -3.574532 194.478198 67.434089 -2.318275 4.182509
 4.200000 1.287926 -6.183063 -122.242074 -16.488007 -0.475903 -6.801449
 4.250000 -2.611467 -12.463805 -70.121233 -12.689632 0.375498 -7.445962
 4.300000 -5.582500 -9.557721 131.808999 109.115802 2.123661 1.553531
 4.350000 0.920752 -12.478638 -0.989869 -42.546312 1.358825 5.133778
 4.400000 -0.590843 -7.331995 -83.022982 -22.002038 -0.112612 13.525548
 4.450000 -1.348744 -0.880400 152.059865 -14.913108 -0.040080 3.873968
 4.500000 3.855565 3.989663 -195.252310 -50.697012 -0.310748 -1.003910
 4.550000 0.314460 9.267594 62.888533 -26.974701 -2.594979 -0.552852
 4.600000 -0.814254 13.486849 73.290538 9.177531 -1.147430 -5.926073
 4.650000 5.020426 -7.710093 -40.886712 79.962434 0.591396 -12.104384
 4.700000 1.973646 -0.897633 -104.288172 11.579750 3.018174 0.200029
 4.750000 -1.081800 2.351148 175.187744 15.395349 0.745641 4.744193
 4.800000 -3.007461 3.819634 203.278024 56.108925 0.346603 13.931398
 4.850000 2.231981 3.099305 245.791504 -29.661863 0.262082 -4.677109
 4.900000 1.603034 7.931377 -149.216032 -18.613802 -0.003388 -2.609373
 4.950000 -0.742049 16.611455 -30.700445 -22.542089 -2.732646 2.430411
 5.000000 -4.507802 -5.420324 88.386644 -46.592468 -1.574406 13.381741
 5.050000 2.273848 -13.398857 44.156669 -59.518066 -2.503813 1.908547
 5.100000 1.043537 11.701841 -80.942653 4.958274 4.518560 0.427179
 5.150000 -0.843339 21.800530 36.220293 27.534309 -1.735493 5.014475
 5.200000 -2.547069 5.632241 44.195051 49.742143 -0.736612 -13.351861
 5.250000 2.627498 -3.047780 -38.920234 71.345862 3.181986 -4.537256
 5.300000 2.934548 5.425746 24.119024 -51.359154 1.201898 -8.997445
 5.350000 2.167891 -12.116567 46.278010 -24.045607 1.170577 3.214996
 5.400000 -4.550535 -5.002382 -174.268726 -33.782211 2.648094 7.377878
 5.450000 -1.589375 0.074858 -87.303035 70.796576 4.096787 11.201992
 5.500000 0.577264 14.425047 -19.372929 27.428306 1.015470 3.729605
 5.550000 -0.033671 2.440680 -11.767875 43.226046 0.536791 4.998402
 5.600000 0.055727 2.533074 -1.794871 54.154885 -1.039000 1.322612
 5.650000 3.563904 -15.628879 -45.034384 12.074157 -2.598426 -9.098180
 5.700000 2.446515 -8.834972 -180.329488 12.541566 -0.358840 -6.497349
 5.750000 -3.346822 7.990458 137.388522 -20.048219 0.702721 -3.904191
 5.800000 -2.617121 19.205477 152.594035 -44.781802 3.143501 6.170592
 5.850000 0.789402 25.277461 3.617193 -22.836594 0.603226 -18.000545
 5.900000 1.752251 -7.068013 -306.392433 -56.830437 -0.550989 13.611887
 5.950000 -7.461255 6.456835 42.439555 -33.569695 -1.008750 6.904397
 6.000000 3.839504 6.584566 217.670419 33.492163 -1.534928 1.544697
 6.050000 2.287592 2.213286 -78.166251 67.068659 -2.049426 -3.734260
 6.100000 -2.910697 -11.232804 -71.878263 7.327890 0.471486 -12.644183
 6.150000 -4.089096 -10.161455 80.790134 -41.275517 1.600627 -1.891586
 6.200000 0.903192 1.631539 -202.994016 -20.430192 1.810325 -1.470941
 6.250000 1.056450 8.867149 43.746739 48.532283 0.015206 -5.574680
 6.300000 -5.362696 5.883149 -107.489964 42.930052 -0.088166 16.011063
 6.350000 -2.065252 -17.029256 -24.191701 24.504957 0.536153 2.973764
 6.400000 0.569519 -5.353823 -27.310029 -43.680078 1.622068 -1.827896
 6.450000 -1.653152 -0.436924 6.392824 -97.718965 -2.126282 -4.742567
 6.500000 -6.739087 -10.815933 237.259085 -27.136510 -1.506815 -8.607640
 6.550000 1.630477 5.653614 68.206139 44.607296 -2.536884 -2.786045
 6.600000 0.937555 9.387272 228.165568 73.912625 -0.266776 2.406208
 6.650000 -1.649527 -1.437059 -252.782840 10.961014 0.821488 13.467927
 6.700000 -4.696798 -12.097780 128.377740 -8.233827 0.785770 3.784308
 6.750000 1.161457 -4.474716 205.257307 -24.014973 0.132321 11.540389
 6.800000 3.213100 -0.042331 44.850663 32.004587 -2.012838 -1.740232
 6.850000 5.338721 8.296829 213.656341 14.383404 -1.721806 -0.050184
 6.900000 -3.412608 -25.209443 0.230731 23.155099 -1.593357 -1.402641
 6.950000 -3.157153 2.410143 -11.771552 66.190137 2.784033 -3.341712
 7.000000 1.218102 -1.361204 -231.623961 16.821810 1.544981 -9.694050
 7.050000 2.805851 25.714662 266.736036 -49.299911 0.796515 -5.110623
 7.100000 -0.699464 5.283044 119.919707 97.753389 -0.064784 -0.652452
 7.150000 0.685219 2.646153 25.384408 -17.959866 -0.273825 1.365077
 7.200000 1.133479 14.959956 -177.764537 -17.508522 -2.728540 8.989208
 7.250000 -4.500912 12.578283 64.096409 -64.760690 -1.059218 4.305895
 7.300000 -3.172960 11.501982 91.515841 35.884525 0.625451 -17.676074
 7.350000 -1.695436 3.254008 -0.796828 19.258588 2.703892 -22.618077
 7.400000 4.847902 -21.013888 -32.609330 8.095852 1.118994 8.218053
 7.450000 0.786877 -17.794114 -112.547568 5.352307 0.752470 6.360257
 7.500000 -0.575819 2.480930 -111.979527 -40.954303 -0.765805 -0.434959
 7.550000 -2.388016 8.593147 135.489708 26.067137 -4.020827 -6.988663
 7.600000 0.841355 8.670092 83.754413 -57.533692 -1.019767 -13.530204
 7.650000 4.303078 5.837000 -43.820905 -23.143058 -0.292915 2.559325
 7.700000 2.288058 8.618280 -35.033709 2.837595 1.692472 1.076515
 7.750000 -7.894224 12.373095 -13.141986 51.758855 1.872528 5.229600
 7.800000 -2.788734 -9.520469 177.248220 4.033442 0.931461 12.084679
 7.850000 -0.192317 -2.009123 35.453372 -33.879737 -1.984531 5.956873
 7.900000 -0.292414 11.818811 -270.611536 -27.213162 -1.561745 -1.069447
 7.950000 -0.474013 3.325799 -44.413272 -46.005948 -0.391713 -0.310609
 8.000000 4.583544 -1.217326 74.219108 -8.366302 0.606725 -9.519891
 8.050000 2.129853 -18.848345 180.877201 9.527559 0.795599 -11.435722
 8.100000 -6.596648 -16.344006 66.565176 4.993610 -3.913214 -1.678996
 8.150000 -2.052827 7.186632 -122.277657 -6.702830 -1.231683 2.284005
 8.200000 0.637691 -5.980778 -13.892305 44.219111 -1.325697 -4.133029
 8.250000 -0.846095 -6.770070 -122.144626 -10.361769 4.233407 -9.016630
 8.300000 5.377416 -3.561506 26.774389 -72.295451 1.447075 -0.819555
 8.350000 2.394721 2.190329 35.792029 -32.442328 0.411686 -9.534269
 8.400000 -1.003180 -19.369640 -299.448904 -23.936283 -0.731519 -6.975489
 8.450000 -4.201880 2.479235 77.653788 -56.049370 -2.246896 -8.057191
 8.500000 -2.018019 14.413802 34.310071 34.904739 -0.378817 -8.914008
 8.550000 0.940654 -0.590819 19.978402 42.220551 0.374110 20.369522
 8.600000 -1.118266 -2.283914 -267.405632 19.228877 2.794315 4.267877
 8.650000 -5.667673 0.514428 143.195844 2.321926 0.575125 4.574292
 8.700000 1.481539 4.959410 162.299463 2.136855 -0.219311 10.782152
 8.750000 0.312128 -3.992472 -255.833810 -59.961532 -1.051800 17.769304
 8.800000 -1.831275 -28.774968 175.971677 8.077506 -3.093674 7.203055
 8.850000 -3.973831 -4.569339 60.042498 -5.485588 -0.936238 -2.389869
 8.900000 1.884197 7.593216 21.037714 -74.451610 1.296093 -10.049849
 8.950000 3.914192 18.421163 -16.178301 -12.247215 2.326323 -3.778592
 9.000000 -2.003899 -5.322374 -78.147574 52.030692 0.512782 0.599814
 9.050000 0.312713 5.954044 86.599515 -1.359934 -0.075029 -4.856374
 9.100000 0.483520 -12.941966 -41.447294 -76.761302 -0.770501 -6.308731
 9.150000 -3.957144 -6.113787 -26.647815 -6.539880 -2.140722 -6.704284
 9.200000 -2.474245 0.986266 101.882009 12.825597 5.056984 1.247637
 9.250000 0.461884 7.112579 -149.243627 13.804961 1.598624 7.173648
 9.300000 2.719867 2.360443 64.405977 -38.516598 1.882890 6.282491
 9.350000 -1.906974 -8.966274 50.014720 -33.729411 0.884913 -0.281382
 9.400000 -1.030607 -6.379808 -73.423483 -54.694322 -0.493201 -4.280100
 9.450000 5.003598 -9.050942 53.082097 -12.590190 -0.303205 -6.383110
 9.500000 2.250909 -5.896924 35.659340 -13.536786 0.139375 8.846045
 9.550000 -0.738022 9.120283 -96.774375 -70.573165 1.041160 1.483464
 9.600000 0.623490 -6.565717 -97.652439 17.153308 2.806556 -1.532714
 9.650000 5.123212 -7.083331 106.868614 36.989069 -1.045463 -3.236290
 9.700000 -1.678977 -11.676349 3.166147 15.740602 -2.217260 13.627945
 9.750000 -2.213682 7.653365 -99.586854 -0.366241 -0.594208 4.565288
 9.800000 -2.285771 9.217007 59.196875 -17.108229 0.205916 8.991366
 9.850000 2.454571 -9.329926 -64.108015 51.001612 0.791381 1.621658
 9.900000 3.478965 -10.856312 69.408259 -6.328409 2.476968 -1.076394
 9.950000 3.724995 0.250667 127.672805 -48.212080 -1.150276 -6.128578
 10.000000 -4.682017 3.451721 43.111654 3.269286 -0.831098 18.891540
 10.050000 -0.870345 -1.457468 -89.332619 4.133175 0.199492 5.726391
 10.100000 0.443613 -0.180589 17.808418 -54.621716 2.648352 5.294537
 10.150000 -1.594902 7.058534 -24.823869 -3.633671 1.312452 13.536523
 10.200000 -5.395983 12.929070 76.849771 -38.183112 -0.416269 -2.105003
 10.250000 0.987573 17.574383 -178.613102 -21.653392 -3.109631 8.135254
 10.300000 0.247484 16.532682 50.491372 19.612786 -0.619681 -5.786535
 10.350000 -2.468413 3.815358 18.988740 44.565441 0.119542 -2.130986
 10.400000 -2.617075 -11.054592 -52.611025 -6.355533 1.001078 12.972156
 10.450000 2.270303 -9.083143 87.770638 110.827289 3.795602 5.327391
 10.500000 4.610467 -4.725608 -65.676372 -41.232589 -0.762305 -1.148669
 10.550000 -0.601101 1.547413 -27.121905 1.023820 -1.053206 -2.249563
 10.600000 -0.134285 8.924770 186.116776 -21.703850 -1.861363 -6.017782
 10.650000 0.295556 6.662866 -156.053178 95.029547 1.911123 -5.695649
 10.700000 -1.625193 -16.896687 78.515259 15.240898 1.050116 14.087275
 10.750000 -2.968611 0.686478 17.351732 -18.595518 0.390395 3.864778
 10.800000 -0.766965 25.108096 -239.780599 -68.443343 -2.828975 2.939063
 10.850000 3.585184 -0.578793 155.819971 -16.831285 -1.391781 6.204116
 10.900000 2.992279 -8.357254 106.246056 -18.889389 -0.492483 21.772948
 10.950000 -0.774084 8.617494 -84.705444 -47.354747 1.483584 -10.460573
 11.000000 -2.811451 13.358780 119.859588 25.954642 1.678399 2.306066
 11.050000 -3.213542 -22.790964 -358.724326 33.181540 0.225818 2.738064
 11.100000 0.910500 -16.618156 -32.457413 66.919696 -0.187851 11.342530
 11.150000 -0.784334 -18.957645 161.772670 7.565159 -1.632025 21.421024
 11.200000 2.482798 18.343617 96.425447 6.834741 -1.844617 10.784518
 11.250000 7.181794 -4.502061 106.432549 -48.747263 0.044011 -3.809625
 11.300000 -1.589383 6.495190 -224.701452 -7.439450 1.167999 3.446386
 11.350000 -4.055654 -14.609879 -125.377260 22.551978 2.542241 10.392560
 11.400000 1.118109 -9.045467 101.214767 72.997586 0.235973 3.155713
 11.450000 0.308283 9.656838 -40.296594 17.828669 -0.141468 -0.863404
 11.500000 0.658154 18.223862 -57.608192 -74.893135 -1.382833 0.791168
 11.550000 3.369222 4.777719 -191.537539 -3.282475 -1.936627 -0.257618
 11.600000 -2.042445 4.204301 -69.427410 55.417237 0.495609 -7.727740
 11.650000 -1.390724 -11.023914 -259.345782 -1.613368 1.397712 -7.909684
 11.700000 5.137493 3.421995 -57.348300 -51.753739 2.459637 -3.450713
 11.750000 0.786432 5.681459 115.039776 -3.316405 -0.357445 -1.577394
 11.800000 -0.175572 9.260227 -156.813471 12.736526 -0.384040 -6.982525
 11.850000 -0.895935 -11.049222 -110.686084 77.221018 -0.192819 -7.198149
 11.900000 1.986543 -6.167757 215.478435 46.945392 0.627942 -4.585445
 11.950000 3.229445 15.836358 42.424327 -41.784996 1.956636 11.768842
 12.000000 3.111328 -4.397337 68.841648 4.020775 1.646183 0.667199
 12.050000 -1.180817 5.746681 -131.603337 -13.331764 5.143828 -0.441568
 12.100000 -1.709951 18.610108 76.602747 -46.716785 -1.429585 0.330691
 12.150000 -0.028711 4.615274 -52.530714 -24.813946 -0.763865 6.401460
 12.200000 0.069550 -2.042802 -82.761710 0.423314 -0.154188 7.670657
 12.250000 -0.935420 -7.319902 -100.595914 -10.341318 0.194401 1.886085
 12.300000 -4.484105 7.088901 -89.980852 -40.183142 2.878511 0.247476
 12.350000 -0.300834 14.386579 273.051324 29.102254 0.921907 -6.115435
 12.400000 4.413657 -1.217181 189.243213 37.781822 -1.356787 -13.947206
 12.450000 1.240250 6.461584 -155.032799 39.145793 -1.826838 4.855857
 12.500000 -0.795096 -17.606698 -175.591478 7.077413 -0.449306 1.513136
 12.550000 1.254268 -8.134170 -152.967779 4.153765 0.251757 -2.498051
 12.600000 6.416079 5.974851 110.877087 -22.857458 0.810874 -5.903046
 12.650000 -1.351169 -1.361885 18.926570 33.192949 1.541526 -10.406163
 12.700000 -1.121313 -10.947643 -109.295750 -9.077988 -1.685176 -3.642152
 12.750000 2.764924 -3.723123 134.155081 -90.016469 -1.588435 -2.533314
 12.800000 3.354693 -0.710217 -21.111202 -22.760325 -2.913217 -9.642330
 12.850000 -0.858503 -17.309343 -139.747787 -15.865011 0.288911 -3.454432
 12.900000 -4.634725 2.687390 6.368572 -36.334934 0.777140 0.205180
 12.950000 -3.465865 3.316399 -71.400832 -75.180324 0.884132 3.495757
 13.000000 2.470140 -16.599013 51.954347 20.914918 -4.352232 11.320579
 13.050000 1.487396 -10.681695 147.752835 1.558120 -1.075486 4.016970
 13.100000 -4.020009 26.732850 140.015039 -37.537482 -0.265992 -3.240546
 13.150000 -2.328519 14.149460 -154.061669 39.241794 0.158241 -4.748817
 13.200000 2.267136 -2.650454 -36.820480 18.453391 2.352809 10.122803
 13.250000 1.395755 -9.577205 52.345284 -30.732898 1.479646 5.408151
 13.300000 -6.831319 -5.642814 126.877646 -42.663518 -0.248492 -1.143132
 13.350000 -2.524429 9.071063 -152.200530 -3.700290 -1.561817 0.652064
 13.400000 1.954916 6.111609 -39.160348 36.031129 -1.643255 9.977955
 13.450000 4.012268 -1.352440 201.132185 41.091129 -0.026008 3.437484
 13.500000 -1.590451 -7.526626 39.194389 11.311568 0.766534 -2.148676
 13.550000 -0.766456 7.472502 -51.713337 -0.177850 3.312848 -8.385722
 13.600000 2.759071 2.145647 -47.545205 36.333736 0.601175 -4.020494
 13.650000 3.546260 -9.136380 132.402507 22.030905 -1.145228 2.342523
 13.700000 -0.802715 -2.890509 -55.703937 8.314565 -3.133086 -3.222370
 13.750000 1.058819 -9.074830 -148.437837 -43.180609 -0.698080 -7.032175
 13.800000 4.803582 5.486017 -19.328234 5.977301 1.079694 -7.352507
 13.850000 -1.597428 10.697679 188.761523 -24.070623 1.584841 -0.563853
 13.900000 -0.398138 -0.294103 -184.221540 -80.205528 4.466624 2.983865
 13.950000 0.922329 -2.295577 -68.212157 -28.338810 -1.243779 4.998484
 14.000000 5.993309 -8.754490 -32.469833 -10.019113 -0.883411 7.558134
 14.050000 -1.482432 5.216620 -211.492161 3.854126 -0.859659 3.027670
 14.100000 -2.901232 8.351553 35.400520 44.098619 2.891779 -2.028171
 14.150000 1.792434 -21.597443 -114.790886 31.912332 1.388965 -3.492425
 14.200000 0.526529 -20.479148 132.402824 7.015668 0.889909 -6.592130
 14.250000 0.128956 1.782169 254.966035 23.383944 -3.858986 17.508842
 14.300000 0.453804 1.045099 92.105171 103.437299 -0.795128 10.431681
 14.350000 -4.157170 -9.428078 -186.513029 -16.654258 -0.086217 5.539314
 14.400000 -2.511302 -8.688813 166.535073 3.436706 0.377217 -0.972231
 14.450000 2.930426 -1.378648 -95.577894 63.997061 2.892630 -6.980436
 14.500000 4.525039 5.357219 -86.070318 3.195717 0.846356 -15.057883
 14.550000 -0.221974 7.134177 -107.671280 -38.103769 -1.290864 -1.774601
 14.600000 -1.034272 -1.440331 145.769650 -49.163288 -2.533791 0.232726
 14.650000 3.448915 -14.033184 -128.834654 -13.032262 -0.008701 -3.628445
 14.700000 2.470297 3.271740 63.274437 -18.729057 0.209789 6.798232
 14.750000 -0.348706 -11.173733 74.279990 -31.289242 0.296462 2.219176
 14.800000 -1.263406 2.740188 -251.589163 -22.047137 -0.829582 -13.457202
 14.850000 3.492962 5.310068 375.876164 12.365478 -2.006606 -3.929241
 14.900000 3.284849 -12.805627 -127.316480 7.952171 -0.914511 -9.531662
 14.950000 0.624731 -4.252967 168.036366 5.534347 0.824962 -3.245286
 15.000000 -1.019277 -8.267508 120.308307 56.628760 3.157888 4.011717
